Rank, Year, MeanAvgTemperature, MissingCount
-, 1875, 52.4, 0
-, 1876, 51.5, 0
-, 1877, 51.8, 0
-, 1878, 52.4, 0
-, 1879, 52.7, 0
-, 1880, 48.5, 0
-, 1881, 52.2, 0
-, 1882, 49.5, 0
-, 1883, 50.7, 3
-, 1884, 51.0, 0
-, 1885, 52.7, 1
-, 1886, 51.9, 0
-, 1887, 52.5, 0
-, 1888, 53.0, 0
-, 1889, 52.7, 0
-, 1890, 51.3, 0
-, 1891, 50.7, 0
-, 1892, 51.1, 0
-, 1893, 50.2, 0
-, 1894, 50.8, 0
-, 1895, 50.3, 0
-, 1896, 51.6, 0
-, 1897, 50.5, 0
-, 1898, 49.7, 0
-, 1899, 50.9, 0
-, 1900, 53.8, 0
-, 1901, 53.3, 0
-, 1902, 52.0, 0
-, 1903, 50.4, 0
-, 1904, 51.8, 0
-, 1905, 51.6, 0
-, 1906, 51.1, 0
-, 1907, 52.3, 0
-, 1908, 50.1, 0
-, 1909, 51.7, 0
-, 1910, 54.3, 0
-, 1911, 51.0, 0
-, 1912, 50.9, 0
-, 1913, 51.2, 0
-, 1914, 53.1, 0
-, 1915, 53.2, 0
-, 1916, 51.1, 0
-, 1917, 50.6, 0
-, 1918, 52.2, 0
-, 1919, 52.5, 0
-, 1920, 51.3, 0
-, 1921, 54.3, 0
-, 1922, 51.0, 0
-, 1923, 50.6, 0
-, 1924, 51.4, 0
-, 1925, 53.1, 0
-, 1926, 53.8, 0
-, 1927, 52.5, 0
-, 1928, 50.7, 0
-, 1929, 49.0, 3
-, 1930, 49.4, 0
-, 1931, 49.8, 0
-, 1932, 48.2, 0
-, 1933, 50.3, 0
-, 1934, 55.2, 0
-, 1935, 51.8, 0
-, 1936, 52.1, 0
-, 1937, 51.3, 0
-, 1938, 51.9, 0
-, 1939, 51.5, 0
-, 1940, 53.8, 0
-, 1941, 51.4, 0
-, 1942, 49.6, 0
-, 1943, 52.1, 0
-, 1944, 49.3, 0
-, 1945, 50.4, 0
-, 1946, 51.9, 0
-, 1947, 51.6, 0
-, 1948, 50.5, 0
-, 1949, 50.0, 0
-, 1950, 51.5, 0
-, 1951, 50.3, 0
-, 1952, 51.0, 0
-, 1953, 53.2, 0
-, 1954, 52.7, 0
-, 1955, 49.4, 0
-, 1956, 51.4, 0
-, 1957, 51.7, 0
-, 1958, 53.6, 0
-, 1959, 51.6, 0
-, 1960, 51.9, 0
-, 1961, 52.2, 0
-, 1962, 50.6, 0
-, 1963, 50.9, 0
-, 1964, 48.3, 0
-, 1965, 50.5, 0
-, 1966, 52.2, 0
-, 1967, 51.8, 0
-, 1968, 50.2, 0
-, 1969, 51.8, 0
-, 1970, 51.5, 0
-, 1971, 50.4, 0
-, 1972, 52.3, 0
-, 1973, 51.3, 0
-, 1974, 52.8, 0
-, 1975, 50.7, 0
-, 1976, 51.6, 0
-, 1977, 53.1, 0
-, 1978, 53.2, 0
-, 1979, 52.6, 0
-, 1980, 52.8, 0
-, 1981, 54.2, 0
-, 1982, 50.9, 0
-, 1983, 53.5, 0
-, 1984, 50.9, 0
-, 1985, 51.7, 0
-, 1986, 52.6, 0
-, 1987, 53.3, 0
-, 1988, 53.2, 0
-, 1989, 52.1, 0
-, 1990, 53.3, 0
-, 1991, 51.7, 0
-, 1992, 53.6, 0
-, 1993, 50.2, 0
-, 1994, 54.5, 0
-, 1995, 53.8, 0
-, 1996, 54.2, 0
-, 1997, 53.3, 0
-, 1998, 52.8, 0
-, 1999, 53.2, 0
-, 2000, 53.7, 0
-, 2001, 53.7, 0
-, 2002, 51.9, 0
-, 2003, 54.9, 0
-, 2004, 52.0, 0
-, 2005, 53.3, 0
-, 2006, 53.7, 0
-, 2007, 53.8, 0
-, 2008, 51.9, 0
-, 2009, 52.1, 0
-, 2010, 52.6, 0
-, 2011, 51.7, 0
-, 2012, 56.5, 0
-, 2013, 53.2, 0
-, 2014, 55.5, 0
-, 2015, 56.2, 0
-, 2016, 56.2, 0
-, 2017, 56.1, 0
-, 2018, 56.1, 0
-, 2019, 53.5, 0
-, 2020, 55.6, 0
-, 2021, 56.2, 0
-, 2022, 55.8, 0
-, 2023, 55.4, 0